412000000 413000000 0.000000 1 
449000000 450000000 0.000000 1 
402000000 403000000 0.000000 1 
437000000 438000000 0.000000 1 
404000000 405000000 0.000000 1 
447000000 448000000 0.000000 1 
428000000 429000000 0.000000 1 
408000000 409000000 0.000000 1 
407000000 408000000 0.000000 1 
410000000 411000000 0.000000 1 
409000000 410000000 0.000000 1 
431000000 432000000 0.000000 1 
429000000 430000000 0.000000 1 
415000000 416000000 0.000000 1 
416000000 417000000 0.000000 1 
418000000 419000000 0.000000 1 
417000000 418000000 0.000000 1 
414000000 415000000 0.000000 1 
413000000 414000000 0.000000 1 
421000000 422000000 0.000000 1 
420000000 421000000 0.000000 1 
419000000 420000000 0.000000 1 
430000000 431000000 0.000000 1 
423000000 424000000 0.000000 1 
427000000 428000000 0.000000 1 
422000000 423000000 0.000000 1 
426000000 427000000 0.000000 1 
401000000 402000000 0.000000 1 
400000000 401000000 0.000000 1 
403000000 404000000 0.000000 1 
405000000 406000000 0.000000 1 
425000000 426000000 0.000000 1 
424000000 425000000 0.000000 1 
433000000 434000000 0.000000 1 
406000000 407000000 0.000000 1 
435000000 436000000 0.000000 1 
411000000 412000000 0.000000 1 
432000000 433000000 0.000000 1 
439000000 440000000 0.000000 1 
441000000 442000000 0.000000 1 
442000000 443000000 0.000000 1 
438000000 439000000 0.000000 1 
443000000 444000000 0.000000 1 
440000000 441000000 0.000000 1 
446000000 447000000 0.000000 1 
445000000 446000000 0.000000 1 
444000000 445000000 0.000000 1 
434000000 435000000 0.000000 1 
448000000 449000000 0.000000 1 
436000000 437000000 0.000000 1 
457000000 458000000 0.000000 1 
453000000 454000000 0.000000 1 
454000000 455000000 0.000000 1 
456000000 457000000 0.000000 1 
455000000 456000000 0.000000 1 
452000000 453000000 0.000000 1 
451000000 452000000 0.000000 1 
489000000 490000000 0.000000 1 
458000000 459000000 0.000000 1 
491000000 492000000 0.000000 1 
462000000 463000000 0.000000 1 
461000000 462000000 0.000000 1 
460000000 461000000 0.000000 1 
493000000 494000000 0.000000 1 
464000000 465000000 0.000000 1 
482000000 483000000 0.000000 1 
484000000 485000000 0.000000 1 
475000000 476000000 0.000000 1 
468000000 469000000 0.000000 1 
497000000 498000000 0.000000 1 
471000000 472000000 0.000000 1 
470000000 471000000 0.000000 1 
490000000 491000000 0.000000 1 
474000000 475000000 0.000000 1 
473000000 474000000 0.000000 1 
494000000 495000000 0.000000 1 
480000000 481000000 0.000000 1 
478000000 479000000 0.000000 1 
479000000 480000000 0.000000 1 
477000000 478000000 0.000000 1 
481000000 482000000 0.000000 1 
476000000 477000000 0.000000 1 
498000000 499000000 0.000000 1 
483000000 484000000 0.000000 1 
496000000 497000000 0.000000 1 
487000000 488000000 0.000000 1 
486000000 487000000 0.000000 1 
485000000 486000000 0.000000 1 
459000000 460000000 0.000000 1 
465000000 466000000 0.000000 1 
450000000 451000000 0.000000 1 
466000000 467000000 0.000000 1 
492000000 493000000 0.000000 1 
467000000 468000000 0.000000 1 
469000000 470000000 0.000000 1 
495000000 496000000 0.000000 1 
472000000 473000000 0.000000 1 
488000000 489000000 0.000000 1 
463000000 464000000 0.000000 1 
499000000 500000000 0.000000 1 
