402640000 404560000 0.110304 1 
435280000 437200000 0.091650 1 
371920000 373840000 0.067247 1 
394960000 396880000 0.060437 1 
400720000 402640000 0.059024 1 
431440000 433360000 0.054057 1 
412240000 414160000 0.040015 1 
375760000 377680000 0.035533 1 
381520000 383440000 0.030674 1 
377680000 379600000 0.030354 1 
441040000 442960000 0.029277 1 
406480000 408400000 0.028764 1 
383440000 385360000 0.026856 1 
416080000 418000000 0.023353 1 
469840000 471760000 0.022507 1 
410320000 412240000 0.019845 1 
414160000 416080000 0.019722 1 
458320000 460240000 0.017958 1 
446800000 448720000 0.015156 1 
385360000 387280000 0.013904 1 
466000000 467920000 0.011578 1 
429520000 431440000 0.007872 1 
437200000 439120000 0.007185 1 
421840000 423760000 0.006322 1 
398800000 400720000 0.003897 1 
448720000 450640000 -0.003882 1 
425680000 427600000 -0.004114 1 
404560000 406480000 -0.005163 1 
408400000 410320000 -0.008063 1 
464080000 466000000 -0.011727 1 
439120000 441040000 -0.015155 1 
454480000 456400000 -0.017440 1 
379600000 381520000 -0.017836 1 
387280000 389200000 -0.018392 1 
393040000 394960000 -0.019956 1 
391120000 393040000 -0.027568 1 
370000000 371920000 -0.027898 1 
373840000 375760000 -0.028639 1 
450640000 452560000 -0.033845 1 
467920000 469840000 -0.037365 1 
423760000 425680000 -0.040320 1 
452560000 454480000 -0.043785 1 
462160000 464080000 -0.047553 1 
419920000 421840000 -0.047800 1 
396880000 398800000 -0.051930 1 
418000000 419920000 -0.066913 1 
389200000 391120000 -0.069413 1 
442960000 444880000 -0.069460 1 
427600000 429520000 -0.096337 1 
460240000 462160000 -0.122076 1 
444880000 446800000 -0.135305 1 
433360000 435280000 -0.171095 1 
456400000 458320000 -0.200154 1 
